11112748
11195619
11343974
12138933
12243847
12357259
12485348
12609242
12676043
13012261
13288611
13419037
13420966
13957155
14075918
14345534
14485201
14559463
14586895
14618940
14825825
14832361
14884058
14994866
15013187
15195787
15233892
15279643
15281689
15320124
15331312
15334416
15462936
15470679
15494521
15585857
15665450
15721749
15743578
15770221
15839921
15878614
15880198
15928710
15938945
15939692
15947083
16001701
16044236
16046741
16094416
16122128
16148466
16153951
16212203
16252766
16291598
16292434
16304337
16324012
16343694
16377007
16385951
16402474
16414543
16445535
16478584
16489373
16512926
16552541
16592609
16642700
16655905
16678158
16679691
16697177
16745182
16760099
16763556
16779587
16856739
16863458
16900447
16919186
16924096
16950295
16995578
17000094
17010194
17025506
17037104
17049250
17053096
17088151
17098235
17110687
17151525
17206612
17227673
17262455
17277692
17294908
17295191
17314628
17339278
17371112
17388880
17388929
17391142
17420059
17420895
17429793
17433139
17451351
17455962
17483178
17495525
17516424
17544653
17565394
17584598
17636655
17655374
17660310
17660326
17690364
17698388
17740159
17748737
17760987
17865558
17888368
17917101
17922398
17932793
17939144
17939318
17962090
18027343
18039268
18058046
18059287
18062063
18079058
18080341
18086959
18087575
18089240
18097181
18102703
18116273
18118174
18124439
18128959
18181465
18182912
18185812
18197628
18199302
18205865
18207782
18217161
18259302
18274646
18289135
18295449
18325042
18341033
18345606
18346366
18346650
18365955
18377817
18383561
18392847
18415767
18429131
18451170
18459694
18462821
18463797
18468562
18480530
18486117
18499650
18503226
18506312
18508543
18517220
18523894
18550497
18560551
18562247
18571516
18575931
18595651
18598734
18606166
18615340
18643070
18644962
18655813
18670190
18678404
18697012
18701338
18725212
18730773
18735857
18748424
18764350
18774606
18790112
18792912
18793460
18794568
18798513
18801549
18811509
18817825
18822260
18842394
18845978
18894893
18898172
18924943
18927665
18962023
18970341
18986023
18987744
18999822
19005360
19025334
19039344
19053351
19057641
19067005
19067831
19086163
19086374
19103962
19129483
19140567
19141919
19242379
19256711
19270119
19274816
19274931
19275575
19295065
19314549
19347866
19361997
19383426
19383690
19389189
19391034
19402048
19410978
19420434
19443881
19446326
19450299
19460720
19462623
19519040
19531530
19564987
19566459
19570731
19576822
19587008
19637505
19642663
19658494
19661674
19669832
19681475
19687402
19687744
19702806
19711915
19721139
19764196
19779303
19780776
19787219
19796671
19798814
19820138
19827711
19841222
19861702
19901395
19901668
19911020
19918100
19929437
19933876
19943991
19955340
19963982
19964726
19964753
19965136
19969912
19997160
20023142
20029983
20031129
20084269
20086081
20090383
20103514
20109263
20111530
20130256
20134841
20142012
20155999
20161255
20162248
20162299
20165322
20167143
20168047
20176552
20183040
20185068
20194604
20206856
20210911
20225116
20228251
20239738
20239986
20240041
20240335
20240384
20246513
20280792
20284209
20289037
20289430
20295023
20305382
20318956
20319263
20323585
20327318
20333859
20333865
20336704
20342177
20343392
20345676
20351547
20354704
20360281
20363674
20372758
20416816
20417457
20444333
20462056
20469895
20481964
20489625
20497221
20532772
20540663
20541315
20568651
20580848
20583777
20584679
20616578
20618106
20623390
20629331
20632386
20633254
20643142
20664634
20678320
20709832
20710694
20711801
20715271
20719196
20721990
20730134
20739509
20740616
20745322
20746454
20763825
20763844
20764419
20779193
20783469
20784768
20790710
20795173
20795195
20795297
20796369
20796724
20796819
20796840
20804900
20805018
20811024
20815641
20818052
20818670
20820316
20820325
20820428
20820717
20821460
20822649
20822680
20827840
20831167
20833440
20833636
20835718
20840837
20841735
20845421
20845939
20849278
20849707
20853451
20860170
20861361
20861800
20862398
20863239
20866941
20867457
20867768
20868668
20872129
20880358
20882483
20884902
20887058
20900634
20920626
20924649
20932978
20949588
20957159
20968223
20982962
20983583
20998117
21034585
21035281
21037425
21044358
21045620
21046907
21054152
21064428
21066067
21077794
21088307
21115138
21126257
21130209
21137390
21138077
21144523
21145875
21149717
21162364
21176286
21177754
21178570
21195502
21207854
21216258
21220393
21226733
21227046
21227778
21229645
21238273
21240656
21242065
21258604
21264049
21270477
21275315
21278631
21280345
21282785
21286498
21287196
21298421
21298514
21305904
21311418
21343089
21343116
21350722
21356330
21358280
21362029
21369702
21371281
21377401
21382036
21391142
21395433
21396996
21398281
21399721
21402427
21403258
21403381
21404170
21419275
21420679
21445926
21453130
21454139
21459629
21465393
21465396
21480101
21485789
21486143
21499879
21501261
21501262
21511738
21515554
21520581
21525119
21529848
21531607
21536661
21548144
21548207
21548796
21549202
21551865
21553771
21571613
21575752
21576669
21577189
21578148
21579513
21579584
21585534
21588867
21594960
21601193
21602892
21604680
21616024
21618060
21628071
21628293
21630687
21640909
21650272
21652381
21674484
21678971
21684713
21688564
21688668
21694633
21706376
21713456
21723232
21729869
21734525
21741746
21758194
21763756
21766003
21768234
21772642
21772822
21772858
21773254
21775557
21778494
21783500
21783862
21783878
21785074
21787077
21794808
21799757
21812355
21831254
21833856
21841817
21843908
21851628
21855071
21866438
21872418
21873590
21878999
21879038
21884667
21884676
21891905
21903845
21915247
21919934
21927151
21927709
21935093
21936996
21945826
21946669
21951825
21963358
21968380
21973078
21979134
21987750
21992623
22016738
22022229
22022389
22025747
22027522
22030846
22030848
22033425
22033651
22037443
22039766
22049355
22059005
22059006
22060969
22063756
22065808
22071199
22071624
22075648
22084696
22084986
22095688
22096930
22110982
22115963
22119902
22121193
22121204
22121342
22124559
22124594
22130074
22135205
22141624
22142190
22144919
22157752
22157872
22157873
22164922
22167118
22168217
22168285
22172461
22173380
22181932
22182307
22191096
22191320
22192173
22195298
22199240
22211418
22218884
22219485
22219573
22234711
22235624
22236005
22245911
22250384
22251945
22254845
22257585
22269487
22272849
22274027
22274029
22274831
22279423
22283904
22284495
22284818
22294853
22297317
22297440
22298238
22299239
22300207
22300224
22305811
22315399
22315474
22317210
22319501
22324880
22325028
22331904
22333133
22354624
22355376
22355520
22357031
22360583
22367655
22368707
22375054
22385145
22386199
22387413
22393649
22520479
22525979
22526786
22529936
22539272
22591157
22596316
22596444
22606713
22611124
22611146
22624883
22634132
22636579
22639836
22641633
22651613
22653487
22669316
22673780
22673791
22678689
22706460
22706533
22709063
22712818
22714614
22716161
22717150
22729236
22729515
22742864
22747839
22747841
22753404
22757375
22757649
22760111
22761614
22767058
22772989
22773455
22779221
22782975
22783161
22783662
22787693
22788715
22788940
22789675
22789784
22793414
22794291
22799285
22799408
22804939
22805681
22807752
22811356
22842925
22857619
22861046
22876904
22882156
22896682
22898325
22902304
22906926
22908433
22912007
22912072
22917642
22918563
22928269
22931575
22935036
22936661
22936665
22940688
22942811
22962564
22962655
22966138
22966905
22966927
22967336
22979889
22988327
22993307
23004190
23009726
23010461
23031923
23033377
23039472
23040341
23044858
23048472
23050437
23058333
23058771
23065484
23069324
23069425
23080594
23080623
23085085
23085387
23085625
23089044
23089912
23090343
23090479
23090708
23098456
23103149
23111827
23131491
23142847
23144800
23147621
23148492
23150406
23159652
23162244
23162323
23167034
23172748
23179011
23179056
23185072
23186004
23186242
23188322
23188828
23188829
23198613
23200108
23205377
23210171
23214229
23227467
23235531
23235898
23235983
23241252
23241412
23241476
23242974
23246725
23250384
23252760
23253251
23257532
23258233
23259885
23262025
23268733
23276593
23277303
23281399
23284381
23287744
23290658
23295072
23297032
23300507
23300639
23302335
23304877
23306311
23306330
23307380
23307895
23308845
23309271
23309308
23310351
23313711
23314878
23318773
23318791
23321700
23324814
23339663
23343443
23343448
23350800
23357540
23361914
23363087
23366725
23367206
23371310
23376511
23378402
23378404
23383157
23384147
23386801
23388908
23389131
23403422
23404343
23406147
23406278
23409132
23409302
23415430
23416086
23417158
23418853
23421385
23421488
23423487
23424872
23426124
23429514
23434216
23437623
23437632
23450255
23455114
23456801
23457461
23461553
23463191
23467299
23468199
23471741
23473328
23483576
23488716
23494826
23495050
23495054
23495366
23500872
23501950
23508023
23513103
23514038
23514499
23514501
23519156
23521139
23525324
23528451
23528587
23538120
23538369
23544586
23545097
23545116
23545457
23545526
23555195
23559082
23559084
23559562
23562324
23565144
23566714
23567000
23569139
23570413
23572438
23574502
23575427
23576053
23576412
23586710
23586740
23587375
23600725
23601578
23602383
23606085
23612559
23612569
23618191
23618734
23623178
23623873
23626715
23626865
23636921
23638184
23642919
23643064
23646907
23647945
23657646
23658268
23659648
23659720
23661073
23665732
23673180
23674452
23682869
23688565
23688621
23692588
23693378
23697316
23698033
23699607
23703715
23706698
23707437
23712020
23713348
23713354
23713861
23716077
23718965
23719937
23723594
23731832
23733198
23734669
23737644
23737645
23743049
23743059
23746886
23747890
23751815
23756163
23760694
23762380
23764331
23769255
23770268
23773907
23774610
23774730
23778715
23782816
23784921
23786709
23787779
23788254
23789445
23790748
23794488
23794633
23795562
23799199
23804403
23808578
23811520
23815391
23824595
23828376
23830859
23833375
23836257
23836966
23842342
23842613
23847933
23851836
23854251
23854702
23857574
23858167
23858641
23858647
23858913
23859338
23863129
23868494
23879918
23886772
23886985
23889633
23893366
23897783
23898816
23903396
23905681
23910347
23915615
23921682
23933933
23934388
23941184
23941564
23945620
23946719
23947403
23952389
23953808
23957896
23960107
23967055
23968498
23971560
23977846
23986917
23990363
23991231
23991341
23996241
23999395
23999453
24000040
24000784
24005619
24010387
24010401
24010754
24018745
24019298
24025522
24030076
24032396
24035545
24036614
24043480
24046051
24050690
24051383
24051441
24051537
24051559
24056287
24065811
24075454
24081888
24085155
24085884
24091455
24097818
24106051
24106277
24109561
24114605
24115772
24120057
24128980
24132263
24134341
24137596
24139445
24142830
24147819
24156364
24160362
24162251
24162488
24167335
24168760
24172299
24174097
24179141
24184556
24186161
24187607
24189974
24190857
24194794
24195424
24199990
24203303
24204726
24205362
24206585
24210407
24215052
24218147
24222497
24229986
24238701
24241037
24244413
24247805
24248597
24252833
24255015
24258377
24258927
24259196
24259462
24260594
24261689
24263056
24264181
24264821
24267215
24267718
24268366
24268974
24269795
24270894
24278147
24278376
24279011
24279734
24282252
24282520
24282820
24286294
24286565
24286910
24298611
24299648
24301442
24305825
24307221
24316625
24320248
24323092
24323575
24324108
24324555
24324565
24327057
24329047
24331139
24332930
24334922
24338512
24339819
24354237
24360564
24362924
24362960
24365838
24371410
24374418
24376646
24379910
24381743
24383454
24386140
24391952
24397897
24397917
24397925
24404941
24405625
24406938
24407379
24408109
24408281
24414464
24417829
24419377
24422360
24422836
24423721
24424262
24428730
24433275
24434324
24436305
24437863
24438012
24438909
24442196
24443892
24444838
24445680
24448720
24450293
24451552
24456106
24463209
24463465
24466899
24527318
24528693
24529043
24529926
24530069
24530231
24531036
24531229
24532383
24537737
24539935
24541407
24541871
24541942
24544531
24545166
24545630
24555805
24556540
24557887
24570246
24577092
24577778
24580380
24580933
24582373
24584398
24584492
24585173
24588908
24589608
24593717
24594675
24594851
24594914
24600234
24600998
24601725
24603001
24604892
24611952
24612562
24614510
24614670
24614678
24615155
24616552
24619131
24624180
24625889
24626669
24628294
24628394
24628556
24629271
24630328
24631519
24634754
24635580
24637159
24637722
24638022
24638772
24638775
24640973
24645679
24645939
24647724
24650141
24652868
24653179
24653306
24653870
24656986
24658484
24664148
24664462
24664894
24665542
24669630
24675207
24678072
24678221
24678426
24681595
24682492
24683031
24685931
24685969
24686344
24686651
24687029
24688859
24690016
24691532
24692707
24694177
24697042
24697068
24698214
24698217
24703100
24711750
24712082
24712156
24712300
24715530
24716084
24717142
24717581
24718876
24721441
24722456
24723917
24724155
24727136
24727408
24732744
24733556
24734809
24743181
24743676
24743915
24744054
24744497
24744855
24744988
24747483
24748762
24748779
24749788
24751074
24752579
24754359
24755021
24755254
24758113
24759279
24769476
24771842
24773877
24779346
24779801
24781696
24783887
24783982
24783983
24784364
24784386
24788736
24789108
24789488
24790924
24791246
24794250
24795226
24796750
24799910
24801589
24801643
24801707
24803189
24805687
24805794
24806005
24806558
24810421
24812221
24812267
24813689
24816045
24816887
24819427
24820367
24822246
24828912
24831812
24833754
24834119
24836966
24836969
24837595
24839174
24839446
24841454
24841479
24841570
24844430
24845247
24846460
24847044
24848632
24848751
24850716
24857065
24862245
24862332
24862968
24862978
24864531
24868005
24869150
24869163
24869173
24873083
24874354
24878624
24879826
24884282
24889475
24891438
24893450
24898591
24899565
24901256
24903226
24904721
24906290
24908455
24908609
24909022
24910664
24911140
24911765
24911801
24911821
24912567
24912576
24913648
24915498
24915573
24918151
24918314
24921162
24922617
24922639
24924142
24928128
24928894
24930254
24930284
24933294
24938009
24939132
24941008
24941039
24942910
24943192
24943435
24943928
24945521
24947530
24949853
24950512
24950529
24950965
24951275
24952313
24952925
24953340
24953385
24953621
24953895
24955067
24955710
24956773
24956856
24958170
24959785
24961060
24961138
24961414
24961986
24963115
24964993
24969511
24971267
24971701
24977854
24981496
24981506
24982201
24987039
24987147
24987153
24987305
24987763
24990134
24990537
24991136
24991154
24991158
24991192
24991931
24992248
24992859
24994797
24996342
24996643
25003241
25003292
25005316
25005322
25005613
25005656
25005977
25005985
25007346
25009112
25009134
25009345
25009363
25009379
25009864
25014005
25014074
25014669
25014674
25014812
25015054
25019517
25019799
25020069
25021753
25023073
25025128
25025132
25025147
25031700
25031709
25031716
25034217
25034458
25035880
25037519
25037536
25038264
25038275
25038610
25041522
25045492
25045566
25046984
25047238
25047671
25051562
25051837
25051896
25052202
25055562
25059887
25063420
25063930
25068159
25068795
25070406
25070946
25072357
25074676
25075395
25079426
25079856
25082236
25085576
25086643
25087987
25090462
25090491
25100404
25105169
25105987
25110478
25112559
25114672
25117146
25118142
25118696
25118881
25120292
25123873
25124154
25124450
25126436
25129482
25129498
25129699
25129724
25130075
25130824
25131767
25133883
25134503
25135004
25135240
25136011
25136872
25138591
25141386
25142252
25142576
25142954
25146958
25150219
25151402
25152272
25152666
25153775
25154395
25156156
25156838
25156883
25157674
25161026
25161055
25161543
25163248
25170550
25171024
25171405
25172489
25172971
25173142
25174590
25174596
25174611
25176473
25178317
25178642
25181048
25182500
25184143
25189211
25190728
25193423
25193925
25199341
25199392
25199590
25199780
25199875
25201300
25202491
25205379
25205765
25206675
25207528
25210050
25210543
25210763
25213322
25213565
25214021
25214453
25214958
25219512
25219591
25220045
25221228
25221372
25230120
25230127
25234408
25235474
25235994
25238842
25239529
25239903
25240203
25240957
25245214
25246792
25247719
25247977
25248892
25251749
25255911
25257084
25257290
25259635
25259744
25263868
25265886
25266906
25266981
25268887
25269487
25271881
25274750
25275045
25275065
25275151
25278199
25279672
25279702
25281710
25283327
25283349
25284164
25284838
25290165
25290578
25298057
25300628
25303766
25304901
25305034
25314415
25314713
25319726
25320515
25324599
25330147
25330220
25330538
25331328
25331400
25332118
25332153
25332425
25333691
25337090
25341991
25345162
25346195
25346327
25346851
25347225
25350864
25353775
25355886
25356762
25360903
25364679
25365869
25366385
25368078
25368862
25370032
25371471
25372240
25374141
25377028
25377203
25378398
25382877
25383244
25385482
25390452
25392627
25394184
25395895
25396350
25398685
25398694
25398871
25399845
25400703
25412583
25413044
25413859
25417542
25417698
25418059
25418230
25423168
25429097
25429777
25432758
25433915
25434684
25437716
25441143
25446142
25446971
25448044
25448981
25449138
25450708
25450989
25452281
25455495
25455497
25455658
25460815
25461040
25461051
25461110
25461131
25461538
25461851
25462722
25462739
25463355
25463447
25465442
25466989
25468084
25468320
25469389
25470111
25471561
25472551
25473139
25473344
25473405
25473575
25473914
25480367
25480600
25481521
25483173
25483908
25483918
25485165
25485365
25488283
25488583
25488847
25492410
25492440
25496087
25496172
25498970
25499370
25499406
25501040
25504218
25504249
25504312
25504467
25504499
25504881
25505954
25506014
25506024
25506762
25506769
25507637
25512423
25514842
25514847
25514850
25514855
25514857
25514859
25514861
25514862
25514863
25514864
25514866
25514867
25514868
25514869
25514870
25514872
25514873
25514874
25514875
25514876
25514877
25514878
25514879
25514880
25515552
25519727
25520378
25520690
25522398
25522783
25523158
25525535
25525579
25528490
25529015
25529845
25529863
25535276
25539056
25539670
25540851
25543363
25543729
25543845
25543865
25543920
25544123
25544193
25545407
25545408
25545412
25545696
25545705
25547796
25548693
25549067
25549341
25549604
25549611
25551112
25552230
25554246
25554323
25554674
25554884
25555465
25555767
25559300
25561440
25563074
25563554
25565947
25567608
25571183
25572053
25575659
25578961
25579055
25582302
25585439
25585707
25586145
25586626
25587581
25589070
25597198
25597966
25597997
25601800
25602181
25603208
25604500
25604765
25606497
25606708
25608331
25608590
25608889
25608900
25608934
25611894
25613850
25614904
25615059
25615535
25616546
25617495
25618439
25621792
25623755
25624291
25627058
25627320
25627846
25630807
25632328
25632967
25634427
25637032
25637972
25638460
25638538
25644100
25644209
25644460
25646564
25647173
25648321
25649170
25649790
25651179
25651949
25653146
25654677
25655426
25655900
25656906
25661089
25661319
25661328
25662453
25664327
25664797
25664971
25667332
25667484
25667821
25668816
25670340
25670398
25671233
25671774
25675388
25676077
25677149
25677759
25678902
25678918
25679219
25679277
25679278
25679399
25679665
25680105
25680254
25680263
25680282
25680287
25680289
25681376
25682249
25682604
25683890
25683947
25683949
25683957
25683964
25683967
25684101
25684122
25684184
25684488
25684591
25684694
25685744
25685760
25685762
25685780
25685781
25685783
25687685
25688039
25690965
25697534
25697641
25697804
25698061
25698084
25698180
25698239
25698411
25698507
25698623
25698624
25698681
25698813
25698862
25698899
25698921
25698953
25699119
25699172
25699636
25699742
25699920
25699976
25700130
25700298
25700400
25700411
25700417
25700421
25700426
25701080
25701100
25702072
25702455
25703015
25703296
25703328
25703338
25703353
25703414
25703423
25703452
25703475
25703480
25703501
25703527
25703528
25703703
25703764
25703865
25703921
25703946
25704054
25704197
25704226
25704255
25704477
25704550
25704599
25705728
25706256
25707221
25707287
25707745
25707823
25708080
25709478
25710003
25710024
25711299
25711973
25712806
25712809
25713089
25713296
25713431
25713567
25714967
25715427
25715986
25716061
25716113
25718377
25719670
25719714
25719801
25719830
25719998
25720176
25720460
25720507
25720544
25720631
25721042
25721046
25721049
25721055
25721132
25721161
25721286
25721327
25721679
25721784
25721969
25722034
25722090
25722168
25722364
25723016
25724023
25724430
25724653
25724824
25724834
25724871
25725177
25725348
25725393
25725434
25725476
25725514
25725541
25726080
25726153
25726508
25726613
25728118
25728476
25729077
25729110
25729152
25729176
25729198
25729208
25729269
25729281
25729289
25729318
25729321
25729440
25729482
25729712
25729753
25729841
25729893
25729903
25730638
25730725
25732228
25732229
25732919
25733044
25733333
25733382
25733441
25733475
25733601
25733736
25733804
25733890
25733985
25734012
25734108
25734121
25734613
25734667
25735270
25735387
25735810
25736544
25736644
25736646
25737068
25737996
25738146
25739289
25739322
25739371
25739384
25740333
25740465
25740558
25741151
25741344
25742372
25742432
25744310
25746719
25747599
25747732
25747942
25748194
25750335
25750816
25753570
25754715
25754771
25755630
25756038
25757509
25757518
25757588
25758715
25758718
25759136
25759190
25760029
25760293
25760340
25760788
25762247
25767037
25767376
25767704
25768461
25769157
25769311
25769313
25769317
25769318
25769650
25770319
25773897
25778834
25779057
25779325
25779326
25780095
25780155
25780728
25780806
25782862
25785374
25786574
25786704
25787293
25788152
25788431
25790571
25791075
25791140
25793315
25793392
25793528
25794449
25794686
25795103
25795840
25795992
25797170
25797463
25798148
25798156
25798258
25798351
25799487
25800534
25803858
25803942
25804390
25804437
25805538
25807423
25807599
25808185
25811957
25811991
25813145
25813190
25813214
25813761
25814053
25814054
25814233
25814261
25814301
25814303
25814304
25817158
25817317
25817684
25817769
25817844
25818081
25818747
25824521
25824935
25824951
25825022
25827542
25827902
25828484
25828811
25831139
25831423
25831682
25831693
25833049
25833064
25833137
25836100
25836754
25836829
25836830
25836855
25837139
25837144
25837240
25837611
25840191
25840240
25840997
25841910
25842352
25842905
25846414
25846463
25847713
25847835
25848567
25849612
25850898
25852352
25852378
25852379
25852409
25852427
25852897
25853215
25854296
25855536
25856079
25856637
25857029
25859216
25859219
25859227
25859229
25860018
25860323
25860464
25860484
25860493
25862517
25862598
25863353
25864585
25864599
25865893
25866466
25866500
25867542
25869650
25870299
25870308
25870337
25870955
25871292
25871378
25871598
25871812
25873111
25873459
25873460
25874141
25874510
25874513
25874532
25874544
25876303
25876352
25876661
25877505
25877778
25877798
25877839
25877887
25878300
25878304
25878644
25878941
25878986
25879007
25879022
25879568
25879569
25879570
25879571
25879573
25879574
25879575
25879576
25879577
25879578
25879579
25879580
25879581
25879583
25879584
25879585
25879586
25879587
25879588
25879589
25879590
25879591
25879592
25879593
25879594
25879873
25880282
25880948
25881302
25883148
25883384
25884596
25885710
25885731
25885746
25885773
25886198
25886222
25887112
25887113
25888613
25890715
25890879
25890885
25890949
25891275
25892699
25893260
25893411
25893539
25893694
25894188
25894482
25895343
25895461
25896162
25896335
25897767
25898236
25899390
25899398
25899544
25900893
25901179
25901211
25901395
25902579
25902582
25903102
25903159
25903451
25903460
25903463
25903465
25903641
25903663
25904185
25904280
25904355
25904514
25905295
25905305
25905574
25905582
25905618
25905696
25906007
25906264
25906731
25907335
25907429
25907789
25907892
25908868
25909016
25909539
25910480
25910562
25910565
25910572
25910573
25910574
25910575
25910584
25910585
25910587
25910588
25910596
25910597
25910610
25911580
25911605
25911628
25912076
25912212
25912405
25912510
25912696
25912747
25912779
25912872
25912893
25912935
25912954
25912965
25913080
25913654
25913853
25913967
25913969
25914002
25914009
25914059
25914071
25914131
25914192
25914276
25914303
25914330
25914331
25914334
25914343
25914378
25914380
25914391
25914396
25914413
25915159
25915390
25915689
25915694
25916045
25916280
25916488
25916607
25916609
25916678
25916718
25916852
25916887
25916997
25917018
25917021
25917123
25917143
25917236
25917334
25917474
25917478
25917487
25917679
25917801
25918023
25918094
25918278
25918324
25918403
25918424
25918435
25918718
25918727
25918940
25919022
25919132
25919249
25919402
25919410
25920721
25920793
25920832
25922635
25922777
25922838
25923061
25923423
25923522
25923932
25924310
25925190
25925217
25925227
25926137
25926566
25927636
25927785
25927827
25927873
25927897
25927952
25928003
25928011
25928016
25928151
25928266
25928288
25928307
25928309
25928354
25928380
25928711
25929042
25929070
25929144
25929164
25929301
25929402
25929897
25930273
25930333
25930336
25930785
25931345
25932899
25933008
25933026
25933045
25933251
25933301
25933446
25933594
25933600
25934211
25934738
25934838
25934884
25934903
25935764
25936148
25936203
25936254
25936707
25937304
25937342
25938981
25939423
25939791
25940351
25941407
25941566
25941923
25942059
25942620
25943736
25943860
25944594
25945244
25945255
25945292
25945530
25945534
25945624
25946119
25946134
25947392
25947480
25948267
25948302
25948508
25948514
25948655
25948813
25948933
25948935
25948956
25949234
25949436
25949589
25949634
25950103
25950112
25950357
25951077
25951763
25952522
25952935
25952945
25952995
25953000
25954305
25954530
25954597
25954995
25955564
25956656
25956787
25957078
25957250
25957377
25957490
25957926
25957943
25958212
25958447
25958499
25958506
25958947
25958950
25959065
25963257
25963350
25963357
25963376
25964279
25964377
25964651
25964681
25964817
25965081
25967248
25967980
25968285
25968753
25969053
25969061
25969301
25970663
25970674
25970843
25970889
25970962
25971274
25971673
25971719
25973267
25973335
25973440
25975517
25975523
25975592
25975650
25975842
25976185
25976336
25977350
25977963
25979598
25979888
25980166
25980240
25980838
25981436
25982312
25982992
25984264
25985938
25986500
25986504
25986692
25987479
25988470
25988772
25989403
25989434
25990234
25990319
25990417
25990425
25990833
25990835
25991004
25992739
25993682
25994070
25995629
25995773
25995998
25996007
25996120
25996256
25997193
25997196
25997246
25997586
25998087
25998957
25999629
26001165
26001173
26001197
26001202
26001232
26001398
26001403
26001449
26001823
26001825
26002084
26003335
26004384
26005427
26005950
26006585
26006589
26007407
26007958
26007976
26009827
26009911
26011146
26011331
26011830
26011836
26011842
26011847
26011887
26012405
26012749
26012825
26013455
26013456
26013471
26013495
26015619
26015716
26016119
26017472
26018829
26019013
26019051
26019690
26020250
26020567
26020874
26021219
26021239
26021265
26022367
26022369
26022494
26023107
26023113
26023117
26023120
26023471
26023551
26023763
26023774
26025169
26025382
26025547
26026040
26026068
26026078
26026083
26026437
26026691
26027021
26027048
26028632
26028635
26028702
26032232
26032484
26034674
26034863
26035584
26035985
26036956
26037004
26037111
26040866
26041432
26042672
26042911
26043167
26044245
26045340
26045501
26045886
26047160
26047318
26047324
26047344
26047349
26047353
26047598
26047691
26047713
26047924
26048179
26048379
26048811
26049630
26050801
26050828
26051017
26051260
26051553
26051682
26052117
26052370
26053619
26054104
26054291
26054296
26054308
26054886
26055513
26056004
26056145
26056164
26057731
26057800
26058863
26059644
26059645
26059773
26059815
26060019
26060123
26060254
26060832
26061051
26061703
26062286
26064099
26064919
26064929
26064931
26065228
26065399
26065505
26065604
26065612
26065616
26065618
26065624
26066287
26068623
26070294
26070301
26070358
26070361
26070377
26070387
26070423
26070696
26071932
26071948
26071977
26071987
26072260
26072659
26072856
26073207
26073853
26074017
26074809
26075208
26075209
26075218
26075222
26075228
26075266
26076422
26076448
26076463
26076502
26076507
26076528
26077162
26078342
26079745
26080883
26081378
26081384
26081926
26082045
26082108
26082141
26083128
26083131
26083140
26083149
26083177
26083197
26083216
26083245
26083412
26083415
26083440
26083677
26083693
26083695
26083705
26083800
26083856
26084283
26084290
26084329
26084747
26085064
26085184
26085390
26086101
26087126
26087456
26087464
26087470
26087473
26087731
26088409
26088796
26088930
26089119
26089132
26089342
26090343
26090683
26090746
26090811
26090953
26091013
26091014
26091015
26091041
26091241
26091370
26091869
26091886
26092088
26092105
26092402
26092482
26092632
26092804
26092901
26092913
26092924
26093217
26094308
26094320
26094347
26094403
26094409
26094412
26094449
26094476
26094478
26094520
26095312
26095894
26095983
26096624
26096776
26097193
26098157
26098381
26098413
26098477
26098559
26099366
26099375
26100171
26100378
26101517
26102447
26102448
26102452
26102649
26102651
26102734
26103687
26103857
26104009
26104353
26104500
26104576
26104973
26105655
26106009
26106061
26106169
26107538
26107569
26108102
26108131
26108347
26108397
26108418
26108828
26108842
26109115
26109116
26109122
26109123
26109149
26109627
26110634
26110932
26111127
26111324
26111438
26111733
26112362
26113201
26113205
26113601
26113678
26114238
26114262
26114481
26115340
26115380
26115600
26115813
26116612
26117036
26117203
26117589
26117776
26117953
26118003
26118410
26118470
26118628
26118733
26119211
26119445
26119728
26119907
26119981
26120008
26120422
26120726
26120734
26120751
26120965
26121479
26121909
26122018
26122021
26122128
26122154
26122227
26122255
26122287
26122613
26122984
26124661
26124701
26125142
26125365
26125770
26125771
26125779
26125966
26126028
26126081
26126118
26126271
26126424
26126634
26126637
26127335
26127384
26127626
26128133
26128346
26128445
26128525
26128939
26129004
26129169
26129674
26130130
26130158
26130483
26130758
26131298
26131300
26131308
26131748
26131887
26131889
26131893
26131899
26132057
26132565
26132664
26132723
26133412
26133549
26133947
26134948
26135199
26135707
26135715
26135720
26135728
26137412
26137571
26137790
26137960
26138679
26139133
26139292
26139456
26139514
26139900
26139910
26140383
26140461
26140958
26141126
26141138
26141140
26141233
26141476
26141501
26141544
26141682
26141827
26142083
26142089
26142136
26142254
26142312
26142340
26143051
26143297
26143586
26143963
26144551
26145312
26145433
26146525
26146668
26146679
26146692
26146709
26146943
26147034
26147078
26147099
26147100
26147104
26147233
26147375
26147460
26147547
26147779
26148580
26149320
26150117
26150841
26151276
26151520
26151618
26151675
26152082
26152848
26152878
26152970
26153212
26153299
26153649
26153809
26155354
26155355
26155555
26156308
26156670
26157096
26158551
26158708
26158809
26158932
26158944
26159041
26160009
26162960
26163084
26163212
26163241
26163733
26164035
26164081
26164773
26164810
26165152
26165411
26165906
26166096
26166101
26166110
26166120
26166126
26166394
26166400
26166621
26166651
26167397
26167822
26167831
26167832
26168168
26168827
26169591
26169650
26169754
26170081
26170214
26171520
26171523
26171524
26171899
26172155
26172473
26172620
26172624
26172635
26172889
26172931
26173344
26173359
26173519
26174389
26174403
26174406
26174420
26174954
26175284
26175335
26175658
26175816
26175941
26176077
26176205
26176212
26176218
26176219
26176496
26176817
26176860
26176971
26177147
26177261
26178039
26178496
26178513
26178518
26179215
26179791
26179842
26180029
26180257
26180292
26180347
26181002
26181004
26181488
26181840
26182301
26182378
26183781
26183821
26183998
26184105
26184450
26184523
26185319
26185466
26185470
26185498
26185567
26185902
26185921
26185938
26186053
26186266
26186332
26186366
26186402
26186898
26187046
26187060
26187070
26187119
26187325
26187587
26187784
26187860
26187977
26187988
26187989
26188043
26188092
26188166
26188267
26188429
26188440
26188481
26188596
26188629
26188855
26188871
26189245
26189472
26189640
26189727
26189913
26190266
26190355
26190479
26190548
26190557
26190588
26190824
26190975
26191271
26191411
26191417
26191506
26191548
26191571
26191624
26191664
26191799
26192633
26192766
26192879
26192954
26193163
26193351
26193748
26193840
26193951
26193957
26193958
26194025
26194028
26194833
26195165
26195385
26195776
26196049
26196225
26196270
26196335
26196375
26196746
26196823
26197397
26197908
26197920
26198047
26198078
26198087
26198122
26198245
26198436
26198439
26198636
26198638
26198692
26198853
26199092
26199112
26199377
26199379
26199684
26200125
26200228
26200525
26200541
26200565
26200825
26201208
26201215
26201470
26201826
26201884
26201907
26201920
26201958
26202770
26203074
26203198
26203223
26203841
26204007
26204183
26204568
26204894
26204905
26205285
26205286
26205289
26205302
26205334
26205383
26205467
26205563
26205587
26205651
26205664
26205815
26205940
26205948
26206125
26206181
26206197
26206209
26206395
26206400
26207199
26207312
26208796
26209388
26209398
26209466
26209603
26209761
26210057
26210062
26210092
26210144
26210145
26210634
26210678
26210825
26211222
26211343
26211546
26211783
26211789
26211989
26212223
26213107
26213131
26213434
26213438
26213591
26213631
26213687
26213815
26213885
26213907
26214127
26214318
26214340
26214380
26214389
26214395
26214564
26214614
26214751
26214766
26214835
26214845
26214923
26214972
26215400
26215480
26215517
26215604
26215621
26215680
26215707
26215792
26215834
26216005
26216014
26216218
26216568
26216914
26217302
26217506
26218226
26218322
26218341
26218352
26218601
26218908
26218997
26219032
26219209
26219283
26220646
26220860
26221067
26221117
26221589
26221726
26221757
26221779
26222545
26222707
26223021
26223157
26223685
26223787
26223862
26223919
26224286
26224318
26224512
26224628
26224666
26224863
26225266
26225906
26225940
26225983
26226049
26226140
26226394
26226440
26226532
26226556
26226647
26226662
26226771
26226925
26226964
26227550
26227795
26228003
26228396
26228657
26228870
26228987
26229370
26229637
26229767
26229781
26230374
26230463
26230554
26230629
26230664
26230740
26230828
26231114
26231805
26231911
26232146
26232780
26232843
26232845
26233106
26233412
26233460
26233475
26233730
26234313
26234476
26234671
26234723
26234837
26235034
26235120
26235121
26235226
26235327
26235378
26235427
26235473
26235513
26236225
26236554
26236738
26236777
26236873
26237102
26237236
26237818
26238181
26238203
26238360
26239093
26239100
26239163
26239218
26239693
26239882
26239883
26239946
26240522
26240716
26240782
26240909
26240965
26241462
26241573
26241578
26241804
26241812
26242084
26242181
26242404
26242787
26242794
26242970
26243043
26243098
26243207
26243229
26243326
26243366
26243367
26243602
26243611
26243751
26243824
26243969
26243970
26244056
26244109
26244302
26244368
26245204
26245300
26245503
26245509
26245605
26245619
26245852
26246192
26246252
26246328
26246372
26246381
26246445
26246514
26246656
26246801
26247501
26247566
26247955
26248182
26248365
26248486
26248753
26248921
26249488
26249531
26249825
26250498
26250518
26250805
26250924
26250979
26251162
26251207
26251317
26251472
26251650
26251716
26251784
26252019
26252325
26252450
26252457
26252516
26252602
26252603
26252777
26252853
26252930
26253065
26253136
26253151
26253172
26253238
26253261
26253441
26253447
26254983
26255382
26256202
26256264
26256343
26256455
26256461
26256549
26256704
26256871
26256949
26256969
26257084
26257091
26257151
26257252
26257561
26257731
26257814
26258104
26258155
26258158
26259229
26261209
26261269
26261273
26261478
26261494
26261526
26261552
26261662
26261690
26261706
26261710
26261713
26261901
26261939
26262046
26262219
26262311
26262737
26262786
26263040
26263560
26263707
26264342
26264733
26264865
26265062
26265138
26265154
26265309
26265408
26265409
26265410
26265411
26265414
26265544
26265552
26265579
26265580
26265582
26265583
26265584
26265599
26265600
26265601
26265602
26265603
26265604
26265605
26265606
26265619
26265620
26265621
26265622
26265623
26265723
26265726
26265791
26265793
26265794
26265797
26265798
26265809
26265810
26265811
26265812
26265813
26265814
26265819
26265822
26265823
26266069
26266096
26266129
26266251
26266264
26266359
26266514
26266564
26266607
26266637
26266681
26266777
26266801
26266895
26267108
26267149
26267254
26267257
26267287
26267305
26267317
26267318
26267394
26267432
26267714
26267723
26267726
26267750
26267825
26268075
26268202
26268205
26268306
26268654
26268720
26268863
26269220
26269285
26269427
26269782
26269855
26269893
26269987
26270031
26270227
26270359
26270747
26270753
26270858
26270996
26271020
26271072
26271220
26271735
26271749
26271814
26271990
26272379
26272519
26272706
26272723
26272739
26272745
26272831
26272876
26273014
26273056
26273250
26273354
26273453
26273593
26273682
26273813
26273851
26273963
26274015
26274091
26274206
26274208
26274640
26274763
26274822
26274890
26275150
26275982
26275986
26276004
26276111
26276116
26276148
26276349
26276464
26276522
26276566
26276571
26276604
26276656
26276774
26277004
26277111
26277224
26277884
26278007
26278592
26278596
26278603
26278606
26278617
26279163
26279344
26280573
26280678
26280683
26281176
26281180
26281700
26281732
26281750
26281841
26281849
26281910
26282015
26282016
26282121
26282129
26282165
26282286
26282604
26282733
26282743
26282788
26282923
26282928
26282931
26283090
26283120
26283304
26283335
26283344
26283434
26283439
26283484
26283658
26284006
26284346
26284439
26284652
26284971
26285569
26285576
26285609
26285630
26285632
26285865
26285894
26285998
26286025
26286143
26286396
26286528
26286563
26286592
26286601
26286701
26287020
26287137
26287146
26287842
26288010
26288016
26288167
26288217
26288801
26288879
26288901
26288987
26289018
26289165
26289626
26289852
26290242
26290505
26290511
26290517
26290518
26290521
26290578
26290649
26290881
26290949
26291144
26291530
26291687
26291787
26291920
26291934
26292078
26292308
26292495
26292580
26292789
26293033
26293636
26293672
26293721
26293769
26293995
26294371
26294529
26294553
26294586
26294942
26295820
26295929
26295986
26296053
26296326
26296413
26296441
26296504
26296516
26296548
26296562
26296834
26296943
26297131
26297219
26297234
26297370
26297646
26297692
26297713
26297751
26297877
26297892
26297906
26298411
26298418
26298459
26298496
26298799
26298875
26299013
26299026
26299042
26299050
26299149
26299315
26299792
26299841
26299893
26299910
26299950
26300192
26300289
26300362
26300407
26300493
26300915
26300974
26300987
26301007
26301046
26301407
26301425
26301454
26301548
26301627
26301629
26301823
26301830
26301876
26301897
26301913
26302031
26302229
26302287
26302323
26302376
26302416
26303043
26303327
26303607
26303753
26304110
26304286
26304381
26304389
26304525
26304645
26304717
26304747
26304897
26304912
26304961
26305067
26305548
26305642
26305643
26305849
26305945
26305948
26305953
26306750
26306778
26306844
26306850
26307091
26307099
26307163
26307211
26307240
26307356
26307535
26307626
26308636
26308656
26308756
26308852
26309303
26309396
26309450
26309752
26309929
26310182
26310348
26310379
26310467
26310469
26310492
26310514
26310565
26310658
26310773
26310836
26310935
26311359
26311402
26311529
26311537
26311561
26311813
26312052
26312094
26312202
26312426
26312467
26312510
26312555
26312756
26312839
26312870
26313382
26313405
26313498
26313526
26313627
26313821
26313870
26314036
26314411
26314419
26314596
26314681
26314690
26314870
26314883
26314915
26315165
26315189
26315260
26315427
26315488
26315609
26315677
26315724
26315873
26315953
26316104
26316212
26316339
26317460
26317560
26317627
26318164
26318232
26318272
26318513
26318575
26318577
26318611
26318661
26318673
26318720
26318790
26318881
26319111
26319141
26319332
26319364
26319507
26319624
26319692
26319695
26320293
26320673
26321072
26321665
26321965
26321970
26322202
26322297
26322299
26322478
26322757
26323145
26323152
26323452
26323453
26323456
26323469
26323483
26323561
26323635
26323690
26323819
26323868
26323909
26323924
26324040
26324046
26324071
26324126
26324372
26324408
26324412
26324465
26324579
26324588
26324607
26324702
26324860
26325018
26325284
26325286
26325421
26325430
26325714
26325861
26326422
26326854
26327049
26327088
26327127
26327157
26327375
26327389
26327610
26327725
26327846
26328900
26328962
26329040
26329507
26329926
26330370
26330423
26330544
26330671
26331046
26331157
26331169
26331513
26331673
26332252
26332675
26332856
26332938
26332998
26333018
26333023
26333156
26333662
26333747
26333777
26333788
26333835
26333848
26333980
26334033
26334126
26334141
26334154
26334293
26334381
26334573
26334824
26335012
26335046
26335068
26335150
26335236
26335242
26335328
26335455
26335496
26335609
26335725
26335768
26335777
26336348
26336356
26337028
26337057
26337129
26337197
26337493
26337754
26337887
26338161
26338247
26338439
26338440
26338448
26338586
26338604
26338794
26338797
26339023
26339232
26339262
26339310
26339347
26339402
26339605
26339650
26339652
26340345
26340361
26340423
26340434
26340527
26340580
26340594
26340687
26340690
26340707
26340743
26340754
26340761
26340764
26340849
26340871
26340872
26340875
26341003
26341090
26341158
26341449
26341795
26341847
26341854
26341954
26342054
26342338
26342485
26343616
26343849
26344475
26344516
26344573
26344600
26344764
26344835
26344967
26345079
26345160
26345255
26345315
26345411
26345784
26345824
26345885
26346009
26346120
26347005
26347092
26347267
26347338
26347445
26347628
26347738
26347777
26347831
26348041
26348224
26348372
26350603
26350674
26350743
26350857
26351417
26351912
26352451
26352548
26352560
26352708
26352836
26352891
26353264
26353714
26354026
26354240
26354467
26354483
26354505
26354631
26354681
26355757
26355863
26356094
26356103
26356368
26356860
26356895
26356934
26356950
26357409
26357685
26358100
26358544
26359084
26359231
26359648
26359832
26360525
26360950
26361062
26361291
26361298
26361352
26361499
26361644
26361646
26361844
26361862
26361876
26361995
26362120
26362435
26362745
26362824
26362988
26363421
26363584
26363630
26363931
26363950
26364169
26364240
26364257
26364411
26364443
26364454
26364472
26364531
26364616
26364756
26364764
26364830
26365341
26365807
26365845
26365846
26365916
26366232
26366245
26366257
26366323
26366383
26366468
26366578
26366667
26366755
26366876
26367570
26367577
26367580
26367801
26368270
26368481
26368733
26368744
26368760
26368815
26368940
26368954
26369048
26369087
26369197
26369210
26369230
26369462
26369469
26369619
26369682
26370059
26370990
26371073
26371085
26371113
26371283
26371311
26371338
26371896
26372140
26372306
26372360
26373047
26373273
26373464
26373485
26373952
26374172
26374226
26374391
26374668
26374715
26374849
26375542
26375610
26376132
26376158
26376425
26376582
26376786
26377722
26377725
26377763
26378252
26378487
26378525
26378550
26378563
26379079
26379141
26379378
26379589
26379711
26380047
26380081
26380220
26380369
26380460
26380478
26380495
26380582
26380774
26380890
26380917
26380941
26381072
26381225
26381311
26381347
26381667
26381694
26381948
26382207
26382311
26382432
26382437
26382466
26382649
26382750
26382818
26382876
26383118
26383123
26383168
26383218
26383227
26383233
26383303
26383448
26383679
26383852
26383857
26383982
26384052
26384236
26384302
26384440
26384584
26384725
26384735
26384750
26385208
26385368
26385929
26385979
26386019
26386448
26386566
26386572
26386618
26387067
26387122
26387322
26387358
26387367
26387381
26387889
26387920
26388124
26388343
26388398
26388506
26389109
26389614
26389646
26389729
26389768
26389835
26389960
26390186
26390431
26390804
26390816
26390864
26390865
26390866
26390890
26390891
26390892
26390893
26390894
26390895
26390896
26390916
26390917
26390918
26390919
26390920
26390921
26390922
26390923
26390924
26390925
26390926
26390927
26390928
26390929
26390930
26390931
26390932
26390933
26390934
26390935
26390936
26390937
26390938
26390939
26390940
26390941
26390942
26390943
26390944
26390945
26390946
26390947
26390971
26390972
26390974
26390975
26390976
26390977
26390978
26390979
26390980
26390981
26390982
26391003
26391004
26391005
26391006
26391008
26391009
26391010
26391011
26391012
26391013
26391014
26391015
26391016
26391017
26391018
26391019
26391020
26391021
26391022
26391023
26391024
26391025
26391026
26391027
26391028
26391029
26391030
26391031
26391032
26391033
26391034
26391035
26391036
26391037
26391038
26391039
26391040
26391041
26391042
26391043
26391044
26391045
26391046
26391047
26391048
26391049
26391050
26391051
26391052
26391053
26391054
26391055
26391056
26391057
26391058
26391059
26391060
26391061
26391062
26391063
26391064
26391065
26391066
26391067
26391068
26391069
26391070
26391071
26391072
26391073
26391074
26391075
26391076
26391077
26391078
26391079
26391080
26391081
26391082
26391083
26391084
26391085
26391087
26391088
26391089
26391117
26391118
26391119
26391120
26391121
26391122
26391123
26391124
26391125
26391126
26391127
26391128
26391129
26391130
26391131
26391132
26391133
26391134
26391135
26391136
26391137
26391138
26391139
26391140
26391141
26391142
26391143
26391144
26391145
26391146
26391147
26391148
26391149
26391150
26391151
26391152
26391153
26391154
26391155
26391156
26391157
26391158
26391159
26391160
26391161
26391162
26391163
26391164
26391165
26391166
26391167
26391168
26391169
26391170
26391171
26391172
26391173
26391174
26391175
26391176
26391177
26391178
26391179
26391180
26391181
26391182
26391183
26391555
26391625
26391626
26391697
26391891
26392067
26392318
26392453
26392552
26392670
26393138
26393143
26393231
26393613
26393691
26393786
26393809
26394234
26394498
26394735
26394804
26394830
26394874
26395246
26395483
26395507
26395586
26395651
26395868
26395906
26395911
26395959
26395962
26396106
26396305
26396473
26396753
26396932
26397126
26397139
26397314
26397503
26397670
26398223
26398277
26398439
26398735
26398774
26398870
26398939
26399100
26399138
26399173
26399300
26399305
26399345
26399369
26399545
26399567
26399721
26399827
26399907
26399950
26400018
26400800
26400975
26401030
26401511
26401520
26401527
26401619
26401777
26401904
26402003
26402096
26402204
26402898
26403134
26403154
26403271
26403431
26403536
26403599
26404200
26404209
26404261
26404334
26405389
26405522
26405560
26405678
26406136
26406178
26406256
26406320
26406645
26406649
26406740
26406894
26406997
26407297
26407500
26407711
26407912
26408390
26408451
26408532
26408555
26408717
26409107
26409225
26409226
26409232
26410379
26411482
26411504
26411537
26412515
26412547
26412665
26412667
26412698
26412748
26412807
26412820
26412884
26413466
26413598
26413646
26413678
26413751
26413841
26413886
26413935
26414063
26414309
26414474
26414726
26414905
26415604
26415710
26415810
26415951
26416055
26416286
26416439
26416567
26416596
26416648
26416834
26416922
26417187
26417503
26417506
26417538
26417625
26417640
26417766
26418011
26418780
26419394
26419445
26419545
26420391
26420761
26420830
26421060
26421274
26421278
26421388
26421537
26421585
26422634
26422637
26422687
26423105
26423114
26423410
26424003
26424067
26424125
26424212
26424337
26424405
26424407
26424413
26424506
26424507
26424886
26424895
26424953
26424962
26425231
26425305
26425413
26425458
26425944
26426157
26426301
26426340
26426557
26426723
26426778
26426865
26426907
26426944
26427010
26427050
26427317
26427430
26427542
26427699
26427934
26428113
26428397
26428580
26428870
26428894
26428897
26428926
26428976
26428978
26429299
26429645
26429744
26429941
26430007
26430060
26430121
26430297
26430540
26430723
26430808
26430823
26430824
26430921
26431471
26431636
26431737
26431948
26431983
26432069
26432200
26432350
26432459
26432484
26432702
26432754
26432823
26433003
26433289
26433651
26433721
26433732
26433813
26433826
26434586
26434608
26434935
26435295
26435381
26435562
26435805
26435933
26436000
26436108
26436162
26436718
26436745
26436912
26436978
26437023
26437171
26437187
26437263
26437268
26437323
26438493
26438553
26438628
26438709
26438734
26438744
26438896
26439405
26439493
26439508
26439738
26439836
26439905
26440152
26440260
26440267
26440315
26440325
26440395
26440648
26441080
26441132
26441197
26441243
26441324
26441414
26441473
26441598
26441840
26441884
26441888
26441890
26442328
26442361
26442858
26442945
26443047
26443198
26443724
26443856
26443873
26444546
26444608
26444652
26444784
26444825
26445333
26445451
26445543
26445693
26445748
26445782
26445815
26445834
26446026
26446075
26446280
26446627
26446789
26446791
26447233
26447282
26447457
26447594
26447682
26447866
26447905
26448229
26448238
26448328
26448466
26448549
26448912
26449256
26449406
26450053
26450303
26450369
26450629
26450638
26451082
26451358
26451790
26451807
26451812
26452026
26452155
26452298
26452318
26452710
26452788
26452824
26452933
26452941
26453138
26453233
26453427
26453442
26453643
26453673
26453778
26454343
26454472
26454700
26454963
26455010
26455464
26455584
26455771
26455836
26455868
26455996
26456115
26456151
26456246
26456386
26456509
26456796
26456852
26456897
26456996
26457194
26457244
26457480
26457500
26457533
26457549
26457798
26457806
26457912
26458087
26458333
26458732
26458929
26459026
26459233
26459391
26459395
26459452
26459514
26459526
26459625
26459784
26459810
26459880
26459955
26459983
26460006
26460054
26460077
26460124
26460221
26460258
26460334
26460361
26460381
26460388
26460389
26460395
26460408
26460456
26460658
26460826
26460906
26461083
26461095
26461246
26461487
26461529
26461613
26461694
26462211
26462302
26462332
26462333
26462428
26462615
26462651
26462686
26462906
26463046
26463112
26463194
26463277
26463280
26463402
26463481
26463543
26463896
26464195
26464387
26465037
26465041
26465127
26465251
26465317
26465330
26465332
26465524
26465575
26465654
26466087
26466147
26466323
26466354
26466370
26466391
26466537
26466660
26466708
26466903
26466985
26467273
26467374
26467434
26467544
26467646
26467877
26468050
26468179
26468536
26468575
26468679
26468685
26468839
26468884
26468886
26468993
26469022
26469252
26469315
26469359
26469367
26469559
26469730
26470130
26470299
26470896
26471010
26471171
26471235
26471367
26471429
26471762
26471787
26472312
26472323
26472371
26472436
26472441
26472960
26473021
26473036
26473533
26473930
26474415
26474476
26474509
26474560
26474852
26474962
26474988
26475323
26475326
26475524
26475646
26475647
26475651
26475738
26475804
26475927
26476033
26476034
26476066
26476120
26476205
26476303
26477093
26477325
26478002
26478381
26478494
26478698
26478763
26479019
26479216
26479286
26479599
26479601
26479813
26480223
26480299
26480423
26480530
26480638
26480756
26480838
26480873
26480898
26480990
26481376
26481430
26481781
26481826
26482069
26482406
26482710
26483013
26483051
26483065
26483164
26483345
26483410
26483537
26483553
26483601
26483749
26483763
26483776
26483961
26484016
26484354
26484360
26484429
26484667
26484702
26485027
26485334
26485344
26485441
26486162
26486513
26486668
26487060
26487369
26487832
26488385
26488451
26488651
26488685
26488945
26489383
26489543
26490109
26490292
26490293
26490622
26490628
26490650
26490673
26490928
26490970
26491063
26491113
26491298
26491390
26491456
26491527
26491655
26491839
26491854
26491864
26491872
26491904
26491925
26491932
26491941
26492322
26492326
26492394
26492446
26492540
26492607
26492752
26492768
26492932
26493357
26493378
26493597
26493619
26493803
26494105
26494176
26494236
26494285
26494535
26494598
26494684
26494703
26495149
26495199
26495308
26495498
26495504
26495518
26495690
26495872
26495887
26496091
26496202
26496207
26496434
26496709
26496771
26496805
26496980
26497075
26497157
26497362
26497465
26497472
26497599
26497890
26497907
26498009
26498184
26498199
26498200
26498810
26498838
26499061
26499074
26499178
26499222
26499506
26499593
26499681
26499726
26499918
26499986
26500276
26500373
26500564
26500880
26500968
26501136
26501200
26501347
26501417
26501929
26502065
26502166
26502289
26502575
26502639
26502783
26503022
26503052
26503054
26503462
26503622
26503979
26504282
26504613
26505144
26505214
26505370
26505702
26505761
26505891
26505939
26505980
26506031
26506069
26506080
26506297
26506310
26506455
26506505
26506508
26506549
26506705
26506861
26506884
26506925
26506934
26506964
26506987
26507093
26507171
26507186
26507254
26507394
26507452
26508145
26508344
26508592
26509220
26509585
26509603
26509660
26509670
26509890
26510067
26510162
26510200
26510294
26510428
26510470
26510508
26510542
26510568
26510572
26510578
26510683
26510818
26510857
26511008
26511009
26511202
26511204
26511265
26511312
26511386
26511455
26511721
26511793
26511931
26511934
26512163
26512345
26512828
26513081
26514208
26514381
26514391
26514603
26514685
26514915
26515080
26515238
26515700
26515718
26515740
26515878
26515909
26515926
26516007
26516278
26516359
26516519
26516567
26516611
26516676
26516760
26517074
26517227
26517267
26517311
26517520
26517583
26517641
26517723
26518335
26518428
26518493
26518521
26519355
26519543
26519627
26519643
26519831
26519892
26519927
26519944
26519964
26520691
26520824
26521092
26521211
26521705
26521712
26522475
26523096
26523113
26523185
26523548
26523751
26523870
26524267
26524338
26524525
26524637
26525381
26525446
26525552
26525686
26525930
26525946
26526203
26526316
26526473
26526484
26526510
26526712
26526927
26527267
26527384
26527569
26527708
26527927
26528028
26528299
26529429
26529557
26529640
26529670
26529948
26530003
26530132
26530180
26530279
26530292
26530747
26531026
26531327
26531345
26531494
26531703
26531846
26531870
26532116
26532320
26532541
26532886
26533238
26533317
26533778
26534054
26534425
26534768
26534804
26535349
26535408
26535470
26535756
26535862
26536055
26536064
26536177
26536622
26536924
26537239
26537327
26537437
26537554
26537578
26537756
26537856
26538231
26538531
26538807
26539050
26539351
26539580
26541741
26541868
26541980
26542151
26542499
26542614
26542785
26543540
26543657
26543694
26543866
26543964
26544030
26544511
26544814
26544915
26545262
26545373
26545375
26545806
26545839
26546131
26546283
26546301
26546344
26546516
26546691
26547266
26547371
26547390
26548878
26548949
26549072
26549962
26550331
26550612
26551669
26552089
26552472
26552479
26552564
26553292
26553497
26553502
26554961
26555146
26555161
26555176
26555513
26555576
26555764
26556168
26556242
26556518
26556574
26556709
26556775
26556854
26557289
26558167
26558388
26558603
26558628
26559085
26559094
26559126
26559423
26559992
26561270
26561337
26561553
26561795
26561994
26562034
26562481
26562538
26563017
26563222
26564542
26565453
26566540
26566858
26567346
26567392
26567668
26568839
26568886
26568956
26570255
26571030
26572370
26572489
26573348
26575030
26576478
26576782
26577107
26577219
26577819
26578173
26578511
26578874
26579269
26580124
26580293
26581109
26581541
26583045
26583276
26583753
26583935
26583989
26584859
26585085
26585766
26586231
26589988
26590489
26591064
26591065
26591066
26591067
26591068
26591070
26591072
26591073
26591074
26591078
26591079
26591081
26591083
26591085
26591240
26591376
26591881
26591996
26594458
26594524
26595052
26595139
26595317
26595867
26595911
26595952
26596385
26596445
26596453
26596549
26601453
26602196
26606639
26609011
26610220
26610446
26618395
26618613
4202111
6254162
8825734
9735367
9892313
